2000000000,256,1,0
2000000000,256,0,0
2000000000,256,2,0
2000000000,256,3,0
2000000000,256,4,0
2000000000,256,5,0
2000000000,256,6,0
2000000000,256,7,0
2000000000,257,8,0
2000000000,257,9,0
2000000000,257,10,0
2000000000,257,11,0
2000000000,257,12,0
2000000000,257,13,0
2000000000,257,14,0
2000000000,257,15,0
2000000000,258,18,0
2000000000,258,17,0
2000000000,258,16,0
2000000000,258,19,0
2000000000,258,20,0
2000000000,258,21,0
2000000000,258,22,0
2000000000,258,23,0
2000000000,259,24,0
2000000000,259,25,0
2000000000,259,26,0
2000000000,259,27,0
2000000000,259,28,0
2000000000,259,29,0
2000000000,259,30,0
2000000000,259,31,0
2000000000,260,32,0
2000000000,260,33,0
2000000000,260,34,0
2000000000,260,35,0
2000000000,260,36,0
2000000000,260,37,0
2000000000,260,38,0
2000000000,260,39,0
2000000000,261,40,0
2000000000,261,41,0
2000000000,261,42,0
2000000000,261,43,0
2000000000,261,44,0
2000000000,261,45,0
2000000000,261,46,0
2000000000,261,47,0
2000000000,262,48,0
2000000000,262,49,0
2000000000,262,50,0
2000000000,262,51,0
2000000000,262,52,0
2000000000,262,53,0
2000000000,262,54,0
2000000000,262,55,0
2000000000,263,56,0
2000000000,263,57,0
2000000000,263,58,0
2000000000,263,59,0
2000000000,263,60,0
2000000000,263,61,0
2000000000,263,62,0
2000000000,263,63,0
2000000000,264,64,0
2000000000,264,65,0
2000000000,264,66,0
2000000000,264,67,0
2000000000,264,68,0
2000000000,264,69,0
2000000000,264,70,0
2000000000,264,71,0
2000000000,265,72,0
2000000000,265,73,0
2000000000,265,74,0
2000000000,265,75,0
2000000000,265,76,0
2000000000,265,77,0
2000000000,265,78,0
2000000000,265,79,0
2000000000,266,80,0
2000000000,266,81,0
2000000000,266,82,0
2000000000,266,83,0
2000000000,266,84,0
2000000000,266,85,0
2000000000,266,86,0
2000000000,266,87,0
2000000000,267,88,0
2000000000,267,89,0
2000000000,267,90,0
2000000000,267,91,0
2000000000,267,92,0
2000000000,267,93,0
2000000000,267,94,0
2000000000,267,95,0
2000000000,268,96,0
2000000000,268,97,0
2000000000,268,98,0
2000000000,268,99,0
2000000000,268,100,0
2000000000,268,101,0
2000000000,268,102,0
2000000000,268,103,0
2000000000,269,104,0
2000000000,269,105,0
2000000000,269,106,0
2000000000,269,107,0
2000000000,269,108,0
2000000000,269,109,0
2000000000,269,110,0
2000000000,269,111,0
2000000000,270,112,0
2000000000,270,113,0
2000000000,270,114,0
2000000000,270,115,0
2000000000,270,116,0
2000000000,270,117,0
2000000000,270,118,0
2000000000,270,119,0
2000000000,271,120,0
2000000000,271,121,0
2000000000,271,122,0
2000000000,271,123,0
2000000000,271,124,0
2000000000,271,125,0
2000000000,271,126,0
2000000000,271,127,0
2000000000,272,128,0
2000000000,272,129,0
2000000000,272,130,0
2000000000,272,131,0
2000000000,272,132,0
2000000000,272,133,0
2000000000,272,134,0
2000000000,272,135,0
2000000000,273,136,0
2000000000,273,137,0
2000000000,273,138,0
2000000000,273,139,0
2000000000,273,140,0
2000000000,273,141,0
2000000000,273,142,0
2000000000,273,143,0
2000000000,274,144,0
2000000000,274,145,0
2000000000,274,146,0
2000000000,274,147,0
2000000000,274,148,0
2000000000,274,149,0
2000000000,274,150,0
2000000000,274,151,0
2000000000,275,152,0
2000000000,275,153,0
2000000000,275,154,0
2000000000,275,155,0
2000000000,275,156,0
2000000000,275,157,0
2000000000,275,158,0
2000000000,275,159,0
2000000000,276,160,0
2000000000,276,161,0
2000000000,276,162,0
2000000000,276,163,0
2000000000,276,164,0
2000000000,276,165,0
2000000000,276,166,0
2000000000,276,167,0
2000000000,277,168,0
2000000000,277,169,0
2000000000,277,170,0
2000000000,277,171,0
2000000000,277,172,0
2000000000,277,173,0
2000000000,277,174,0
2000000000,277,175,0
2000000000,278,176,0
2000000000,278,177,0
2000000000,278,178,0
2000000000,278,179,0
2000000000,278,180,0
2000000000,278,181,0
2000000000,278,182,0
2000000000,278,183,0
2000000000,279,184,0
2000000000,279,185,0
2000000000,279,186,0
2000000000,279,187,0
2000000000,279,188,0
2000000000,279,189,0
2000000000,279,190,0
2000000000,279,191,0
2000000000,280,192,0
2000000000,280,193,0
2000000000,280,194,0
2000000000,280,195,0
2000000000,280,196,0
2000000000,280,197,0
2000000000,280,198,0
2000000000,280,199,0
2000000000,281,200,0
2000000000,281,201,0
2000000000,281,202,0
2000000000,281,203,0
2000000000,281,204,0
2000000000,281,205,0
2000000000,281,206,0
2000000000,281,207,0
2000000000,282,208,0
2000000000,282,209,0
2000000000,282,210,0
2000000000,282,211,0
2000000000,282,212,0
2000000000,282,213,0
2000000000,282,214,0
2000000000,282,215,0
2000000000,283,216,0
2000000000,283,217,0
2000000000,283,218,0
2000000000,283,219,0
2000000000,283,220,0
2000000000,283,221,0
2000000000,283,222,0
2000000000,283,223,0
2000000000,284,224,0
2000000000,284,225,0
2000000000,284,226,0
2000000000,284,227,0
2000000000,284,228,0
2000000000,284,229,0
2000000000,284,230,0
2000000000,284,231,0
2000000000,285,232,0
2000000000,285,233,0
2000000000,285,234,0
2000000000,285,235,0
2000000000,285,236,0
2000000000,285,237,0
2000000000,285,238,0
2000000000,285,239,0
2000000000,286,240,0
2000000000,286,241,0
2000000000,286,242,0
2000000000,286,243,0
2000000000,286,244,0
2000000000,286,245,0
2000000000,286,246,0
2000000000,286,247,0
2000000000,287,248,0
2000000000,287,249,0
2000000000,287,250,0
2000000000,287,251,0
2000000000,287,252,0
2000000000,287,253,0
2000000000,287,254,0
2000000000,287,255,0
