51
211 98 3 2000000 2.000000061 0
141 193 3 2000000 2.000000061 0
250 234 3 2000000 2.000000061 0
242 79 3 2000000 2.000000061 0
86 107 3 2000000 2.000000061 0
174 80 3 2000000 2.000000061 0
76 126 3 2000000 2.000000061 0
136 110 3 2000000 2.000000061 0
76 129 3 2000000 2.000000061 0
117 188 3 2000000 2.000000061 0
173 41 3 2000000 2.000000061 0
39 12 3 2000000 2.000000061 0
215 130 3 2000000 2.000000061 0
208 239 3 2000000 2.000000061 0
3 95 3 2000000 2.000000061 0
124 180 3 2000000 2.000000061 0
30 252 3 2000000 2.000000061 0
69 192 3 2000000 2.000000061 0
199 52 3 2000000 2.000000061 0
252 19 3 2000000 2.000000061 0
189 38 3 2000000 2.000000061 0
146 108 3 2000000 2.000000061 0
8 123 3 2000000 2.000000061 0
148 139 3 2000000 2.000000061 0
145 241 3 2000000 2.000000061 0
183 144 3 2000000 2.000000061 0
11 75 3 2000000 2.000000061 0
118 252 3 2000000 2.000000061 0
74 43 3 2000000 2.000000061 0
145 159 3 2000000 2.000000061 0
69 174 3 2000000 2.000000061 0
188 7 3 2000000 2.000000061 0
146 122 3 2000000 2.000000061 0
145 94 3 2000000 2.000000061 0
239 222 3 2000000 2.000000061 0
189 245 3 2000000 2.000000061 0
79 62 3 2000000 2.000000061 0
31 53 3 2000000 2.000000061 0
56 64 3 2000000 2.000000061 0
203 103 3 2000000 2.000000061 0
3 215 3 2000000 2.000000061 0
24 154 3 2000000 2.000000061 0
138 253 3 2000000 2.000000061 0
153 189 3 2000000 2.000000061 0
106 141 3 2000000 2.000000061 0
88 176 3 2000000 2.000000061 0
13 252 3 2000000 2.000000061 0
1 196 3 2000000 2.000000061 0
38 49 3 2000000 2.000000061 0
189 241 3 2000000 2.000000061 0
0 255 3 2000000 2.000000161 1
